{
  "camera_angle_x": 1.0486631755050249,
  "camera_angle_y": 0.6308511367615881,
  "fl_x": 1659.9583432819181,
  "fl_y": 1654.816021307352,
  "k1": 0.10968971320188699,
  "k2": -0.1591582930220346,
  "k3": 0,
  "k4": 0,
  "p1": 0.001855903179476073,
  "p2": 0.0007455330408259541,
  "is_fisheye": false,
  "cx": 959.9255529607085,
  "cy": 538.5652847912287,
  "w": 1920.0,
  "h": 1080.0,
  "aabb_scale": 32,
  "frames": [
    {
      "file_path": "./images/0036.jpg",
      "sharpness": 47.37630825282294,
      "transform_matrix": [
        [
          -0.9111796953568698,
          -0.011233460603683854,
          0.4118560090281856,
          0.20197431919654804
        ],
        [
          0.4112332275475502,
          0.036524868986956886,
          0.9107980931617976,
          6.868552732169851
        ],
        [
          -0.025274401268688854,
          0.9992696049362985,
          -0.028661146735903777,
          -0.7038972406942389
        ],
        [
          0.0,
          0.0,
          0.0,
          1.0
        ]
      ]
    },
    {
      "file_path": "./images/0057.jpg",
      "sharpness": 33.60516901290237,
      "transform_matrix": [
        [
          -0.5247693181026425,
          -0.059273167824812345,
          -0.8491783407473938,
          0.560346943712321
        ],
        [
          -0.8363226384542837,
          0.2218651246476599,
          0.5013385192410412,
          6.590298864290396
        ],
        [
          0.15868713622999633,
          0.9732741433328009,
          -0.16599950227690088,
          -0.3462632240288213
        ],
        [
          0.0,
          0.0,
          0.0,
          1.0
        ]
      ]
    },
    {
      "file_path": "./images/0051.jpg",
      "sharpness": 77.13719228278873,
      "transform_matrix": [
        [
          -0.8693203330861133,
          0.1431370995380001,
          0.47306863060162335,
          0.05536581355104718
        ],
        [
          0.49203829215730244,
          0.3410626499296114,
          0.8009835128607659,
          6.063554744709192
        ],
        [
          -0.046695583942913774,
          0.9290791352710227,
          -0.3669216304410696,
          -0.296953882625353
        ],
        [
          0.0,
          0.0,
          0.0,
          1.0
        ]
      ]
    },
    {
      "file_path": "./images/0058.jpg",
      "sharpness": 19.103736437837583,
      "transform_matrix": [
        [
          -0.42265527637740863,
          -0.014144609673999888,
          -0.9061801407048733,
          0.6598828531565883
        ],
        [
          -0.8927163555859149,
          0.17890377988240858,
          0.41358305818063246,
          6.65451210383934
        ],
        [
          0.15626908150073046,
          0.9837648944747356,
          -0.08824175093052089,
          -0.42166633791816277
        ],
        [
          0.0,
          0.0,
          0.0,
          1.0
        ]
      ]
    },
    {
      "file_path": "./images/0114.jpg",
      "sharpness": 50.63165384872197,
      "transform_matrix": [
        [
          -0.25480548384479645,
          -0.1408728468309278,
          0.9566760195953313,
          -5.896597345468171
        ],
        [
          0.9559179105725578,
          0.11260434376075966,
          0.27118482629686363,
          -7.030618580555108
        ],
        [
          -0.14592845387597772,
          0.98360312262238,
          0.10597067310404226,
          1.8691467141643863
        ],
        [
          0.0,
          0.0,
          0.0,
          1.0
        ]
      ]
    },
    {
      "file_path": "./images/0037.jpg",
      "sharpness": 251.04094113386267,
      "transform_matrix": [
        [
          -0.8525611199615126,
          0.008323069919493943,
          0.5225612531344854,
          0.11565181784163435
        ],
        [
          0.5202736112860764,
          0.1083079025791753,
          0.847103752582351,
          6.8968733011249945
        ],
        [
          -0.04954700953433304,
          0.9940825543116656,
          -0.09666938036758575,
          -0.6815072337673128
        ],
        [
          0.0,
          0.0,
          0.0,
          1.0
        ]
      ]
    },
    {
      "file_path": "./images/0086.jpg",
      "sharpness": 1510.418042447454,
      "transform_matrix": [
        [
          -0.708928383232395,
          -0.26610959687486435,
          0.6531510008711595,
          1.9040086115499268
        ],
        [
          0.7025630484398934,
          -0.1852385653405948,
          0.6870893951140988,
          2.8654973404028694
        ],
        [
          -0.061852327598660176,
          0.9459769322779716,
          0.3182796462387122,
          -0.6761761059123801
        ],
        [
          0.0,
          0.0,
          0.0,
          1.0
        ]
      ]
    },
    {
      "file_path": "./images/0059.jpg",
      "sharpness": 23.475890710700156,
      "transform_matrix": [
        [
          -0.402133981466118,
          0.12399320265726797,
          -0.9071460448491185,
          0.7526902291627086
        ],
        [
          -0.9015882338439225,
          0.11892924612849179,
          0.41592606435562746,
          6.551550147161583
        ],
        [
          0.1594582000304359,
          0.9851302046688778,
          0.06396532133400341,
          -0.7254098539993908
        ],
        [
          0.0,
          0.0,
          0.0,
          1.0
        ]
      ]
    },
    {
      "file_path": "./images/0052.jpg",
      "sharpness": 78.49192332494079,
      "transform_matrix": [
        [
          -0.9744063037056961,
          0.09091928588387617,
          0.2055870589151131,
          -0.06531797914874007
        ],
        [
          0.22457685531585445,
          0.3535324044151963,
          0.9080639157491658,
          6.197031539248637
        ],
        [
          0.00987883550192192,
          0.9309932988584568,
          -0.3649025707377629,
          -0.28185367791791544
        ],
        [
          0.0,
          0.0,
          0.0,
          1.0
        ]
      ]
    },
    {
      "file_path": "./images/0096.jpg",
      "sharpness": 326.1550198846335,
      "transform_matrix": [
        [
          0.013412317680695248,
          -0.19995995710866182,
          0.9797122666007261,
          -1.3867548344224374
        ],
        [
          0.9861454481375372,
          0.16465986609203578,
          0.020106805241623133,
          0.6331603200587637
        ],
        [
          -0.16533984654090755,
          0.965869113333371,
          0.19939807194577122,
          0.13305785608948223
        ],
        [
          0.0,
          0.0,
          0.0,
          1.0
        ]
      ]
    },
    {
      "file_path": "./images/0053.jpg",
      "sharpness": 44.99498167092118,
      "transform_matrix": [
        [
          -0.9934111033238455,
          0.03837230633775645,
          -0.10799049004249892,
          0.11291517021458286
        ],
        [
          -0.0879962114551935,
          0.34829942979716794,
          0.9332438984388575,
          6.164602844484215
        ],
        [
          0.07342374686405707,
          0.936597604815322,
          -0.34262790325935016,
          -0.3102317758677147
        ],
        [
          0.0,
          0.0,
          0.0,
          1.0
        ]
      ]
    },
    {
      "file_path": "./images/0117.jpg",
      "sharpness": 81.5467679668855,
      "transform_matrix": [
        [
          -0.9850948230199511,
          0.027718387844626092,
          0.16976419138023077,
          -7.186956370662831
        ],
        [
          0.16984439772827967,
          0.00054814014170517,
          0.9854707403589206,
          -9.35307443146365
        ],
        [
          0.027222605622879852,
          0.9996156214060149,
          -0.005247782905352522,
          2.311191925382759
        ],
        [
          0.0,
          0.0,
          0.0,
          1.0
        ]
      ]
    },
    {
      "file_path": "./images/0060.jpg",
      "sharpness": 44.201160533522824,
      "transform_matrix": [
        [
          -0.42895849602566843,
          0.25566701563815525,
          -0.8663884728240978,
          0.8293392509206429
        ],
        [
          -0.8893064324098,
          0.048786381999215714,
          0.4547020543244063,
          6.4509512321135345
        ],
        [
          0.15852027622857293,
          0.9655331512109536,
          0.20643898851311135,
          -0.9155921614939444
        ],
        [
          0.0,
          0.0,
          0.0,
          1.0
        ]
      ]
    },
    {
      "file_path": "./images/0071.jpg",
      "sharpness": 12.654854966790031,
      "transform_matrix": [
        [
          -0.9329255761221856,
          0.16385089414868625,
          -0.32062868546678985,
          0.7087466245108403
        ],
        [
          -0.3321351746886842,
          -0.04771017637196681,
          0.942024397139442,
          0.5527221503970783
        ],
        [
          0.13905428864764224,
          0.9853307178801841,
          0.09893068912967927,
          0.10405237401696332
        ],
        [
          0.0,
          0.0,
          0.0,
          1.0
        ]
      ]
    },
    {
      "file_path": "./images/0072.jpg",
      "sharpness": 17.56972993535427,
      "transform_matrix": [
        [
          -0.8049884987513112,
          0.19731381993899016,
          -0.5595183405211951,
          0.7837710712106002
        ],
        [
          -0.5688518007955881,
          0.011192906341464142,
          0.8223638778424693,
          0.34980867406910277
        ],
        [
          0.16852639449872386,
          0.9802764790353569,
          0.10323216092167169,
          0.17257149920925244
        ],
        [
          0.0,
          0.0,
          0.0,
          1.0
        ]
      ]
    },
    {
      "file_path": "./images/0073.jpg",
      "sharpness": 39.35037351126315,
      "transform_matrix": [
        [
          -0.657012834406712,
          0.22817520475543085,
          -0.7185194579133352,
          0.7291492101110777
        ],
        [
          -0.7297596700096812,
          0.04666353763723836,
          0.6821094767582362,
          0.2840790023858009
        ],
        [
          0.18916912929235746,
          0.9725012032029791,
          0.13585451900022846,
          0.19799007764233645
        ],
        [
          0.0,
          0.0,
          0.0,
          1.0
        ]
      ]
    },
    {
      "file_path": "./images/0077.jpg",
      "sharpness": 23.783618824834818,
      "transform_matrix": [
        [
          -0.7908443200640234,
          0.27649272228491106,
          -0.546000948704624,
          0.47792480656665204
        ],
        [
          -0.5946484335411902,
          -0.13611137565113668,
          0.7923805486672549,
          -0.049863950872512566
        ],
        [
          0.1447705147516088,
          0.9513282651019214,
          0.27205887252206373,
          -0.01182452409501087
        ],
        [
          0.0,
          0.0,
          0.0,
          1.0
        ]
      ]
    },
    {
      "file_path": "./images/0063.jpg",
      "sharpness": 60.14287361913168,
      "transform_matrix": [
        [
          -0.7889577838452673,
          0.33090654053923785,
          -0.5177320511410466,
          1.7053679600076979
        ],
        [
          -0.6002444863166226,
          -0.234948510618517,
          0.7645297600522097,
          5.567840588673168
        ],
        [
          0.13134752372311148,
          0.9139475142613552,
          0.3839892827001171,
          -1.2970020511966283
        ],
        [
          0.0,
          0.0,
          0.0,
          1.0
        ]
      ]
    },
    {
      "file_path": "./images/0075.jpg",
      "sharpness": 66.7504769148962,
      "transform_matrix": [
        [
          -0.542002318711084,
          0.313714103170357,
          -0.779626159145667,
          0.6678666772781209
        ],
        [
          -0.8211556900249676,
          -0.00042220911372716944,
          0.5707040866157694,
          0.1804035974321707
        ],
        [
          0.17870875543863235,
          0.9495173949184139,
          0.25783695917803945,
          0.001614103175068962
        ],
        [
          0.0,
          0.0,
          0.0,
          1.0
        ]
      ]
    },
    {
      "file_path": "./images/0074.jpg",
      "sharpness": 39.31933889567242,
      "transform_matrix": [
        [
          -0.563338557700702,
          0.26557850393292454,
          -0.7823795291908147,
          0.7167048276272526
        ],
        [
          -0.8040607036546578,
          0.041646999542422306,
          0.5930867662225706,
          0.234009320361264
        ],
        [
          0.19009485597001688,
          0.9631892782413624,
          0.19007987809306862,
          0.1448990035762554
        ],
        [
          0.0,
          0.0,
          0.0,
          1.0
        ]
      ]
    },
    {
      "file_path": "./images/0078.jpg",
      "sharpness": 39.57226080216772,
      "transform_matrix": [
        [
          -0.941618919084608,
          0.16895093082093035,
          -0.2912205250957987,
          0.2194859013911662
        ],
        [
          -0.32086201029395545,
          -0.18829843483526443,
          0.9282194082163799,
          -0.15403922931935637
        ],
        [
          0.1019871639567677,
          0.9674705589591622,
          0.23151530397914408,
          0.04461905064297134
        ],
        [
          0.0,
          0.0,
          0.0,
          1.0
        ]
      ]
    },
    {
      "file_path": "./images/0064.jpg",
      "sharpness": 90.56786645604932,
      "transform_matrix": [
        [
          -0.9125688894867954,
          0.24943338612279842,
          -0.3240385900915972,
          1.552419871043465
        ],
        [
          -0.39088493351400017,
          -0.29933487275051884,
          0.8704065732219873,
          4.8429006406509885
        ],
        [
          0.12011240873097598,
          0.9209677626711201,
          0.3706634449613942,
          -1.1444024145698717
        ],
        [
          0.0,
          0.0,
          0.0,
          1.0
        ]
      ]
    },
    {
      "file_path": "./images/0061.jpg",
      "sharpness": 37.50359042885027,
      "transform_matrix": [
        [
          -0.5048808781968621,
          0.34557329093434713,
          -0.790995827716157,
          0.9357226268047572
        ],
        [
          -0.8499734837379248,
          -0.039295372555630856,
          0.5253579262169606,
          6.281140922044375
        ],
        [
          0.15046719174118312,
          0.9375686504621669,
          0.31356761618720647,
          -1.130526272779509
        ],
        [
          0.0,
          0.0,
          0.0,
          1.0
        ]
      ]
    },
    {
      "file_path": "./images/0076.jpg",
      "sharpness": 73.14404849161853,
      "transform_matrix": [
        [
          -0.6138127962845618,
          0.32951743122530136,
          -0.7173925798866362,
          0.6211402161800574
        ],
        [
          -0.7726133776356907,
          -0.0640585575129455,
          0.6316368180438713,
          0.12243707726360012
        ],
        [
          0.16218020791111093,
          0.9419738657567874,
          0.293909537841793,
          -0.046434665925194324
        ],
        [
          0.0,
          0.0,
          0.0,
          1.0
        ]
      ]
    },
    {
      "file_path": "./images/0070.jpg",
      "sharpness": 28.776010319897683,
      "transform_matrix": [
        [
          -0.9810490680542949,
          0.13772685476946137,
          -0.13628660823980085,
          0.6382734773618896
        ],
        [
          -0.1545438281089814,
          -0.1319418574669398,
          0.9791361250829483,
          1.1549751699285773
        ],
        [
          0.11687143065980386,
          0.9816428371682879,
          0.15072627167477617,
          -0.10609022875130618
        ],
        [
          0.0,
          0.0,
          0.0,
          1.0
        ]
      ]
    },
    {
      "file_path": "./images/0065.jpg",
      "sharpness": 41.59210695884483,
      "transform_matrix": [
        [
          -0.9779524341471963,
          0.15736219248904915,
          -0.13728137878463523,
          1.2627985974475793
        ],
        [
          -0.18285721735819643,
          -0.32778790229786325,
          0.9268863625968609,
          4.245538636220211
        ],
        [
          0.10085769503006776,
          0.9315536653990963,
          0.34933578957213124,
          -0.9848786500147543
        ],
        [
          0.0,
          0.0,
          0.0,
          1.0
        ]
      ]
    },
    {
      "file_path": "./images/0081.jpg",
      "sharpness": 243.3149290669108,
      "transform_matrix": [
        [
          -0.891470919345608,
          -0.10220253525912694,
          0.4414003191980056,
          -0.16438798661412796
        ],
        [
          0.4522911040290529,
          -0.14335338148814217,
          0.8802741420903784,
          0.6817227174169709
        ],
        [
          -0.02669002069771035,
          0.9843802364143182,
          0.17402066829345447,
          -0.035740139663166304
        ],
        [
          0.0,
          0.0,
          0.0,
          1.0
        ]
      ]
    },
    {
      "file_path": "./images/0088.jpg",
      "sharpness": 82.35174706468416,
      "transform_matrix": [
        [
          -0.33674648542014857,
          -0.33420383284049404,
          0.880289499376369,
          2.044144546876869
        ],
        [
          0.9329196746193243,
          0.008195911405373475,
          0.359991260651235,
          3.309038427954046
        ],
        [
          -0.1275252338466934,
          0.942465185135282,
          0.30902538662951035,
          -0.604088184189319
        ],
        [
          0.0,
          0.0,
          0.0,
          1.0
        ]
      ]
    },
    {
      "file_path": "./images/0062.jpg",
      "sharpness": 199.91586838535943,
      "transform_matrix": [
        [
          -0.638820385993097,
          0.36990613824519264,
          -0.674594665979918,
          1.4432871606208868
        ],
        [
          -0.7566093300505627,
          -0.1431070873866707,
          0.6380146418547138,
          5.961587069534754
        ],
        [
          0.13946625449739647,
          0.9179813780616245,
          0.3712941602419867,
          -1.260637260936118
        ],
        [
          0.0,
          0.0,
          0.0,
          1.0
        ]
      ]
    },
    {
      "file_path": "./images/0092.jpg",
      "sharpness": 48.9636100377966,
      "transform_matrix": [
        [
          -0.05665560297624687,
          -0.11728823218288817,
          0.9914805158363975,
          1.4159624543196592
        ],
        [
          0.9880622367340334,
          0.13590910939255352,
          0.0725377854991326,
          2.9911581117303823
        ],
        [
          -0.14325906251504913,
          0.9837541281315388,
          0.10818806049060545,
          -0.20385663104676147
        ],
        [
          0.0,
          0.0,
          0.0,
          1.0
        ]
      ]
    },
    {
      "file_path": "./images/0087.jpg",
      "sharpness": 88.32511905310399,
      "transform_matrix": [
        [
          -0.564253273580564,
          -0.315742451390845,
          0.7628400538013947,
          2.0770443431348373
        ],
        [
          0.8202419401498611,
          -0.1092774991410764,
          0.5614816005903666,
          3.0080897652943026
        ],
        [
          -0.0939223236571971,
          0.9425312369424494,
          0.32064538753554955,
          -0.6275339445669201
        ],
        [
          0.0,
          0.0,
          0.0,
          1.0
        ]
      ]
    },
    {
      "file_path": "./images/0091.jpg",
      "sharpness": 60.85314325979492,
      "transform_matrix": [
        [
          -0.08053694692187092,
          -0.2082679326987016,
          0.974750362108325,
          1.8868215011495633
        ],
        [
          0.986761418330287,
          0.12145045667695402,
          0.10747878799379906,
          3.2581966168662695
        ],
        [
          -0.1407682616085129,
          0.9705020632758551,
          0.19572951167945876,
          -0.4223019667356611
        ],
        [
          0.0,
          0.0,
          0.0,
          1.0
        ]
      ]
    },
    {
      "file_path": "./images/0079.jpg",
      "sharpness": 149.5896220318641,
      "transform_matrix": [
        [
          -0.997998223020873,
          0.05843139686651878,
          -0.024193361647458552,
          0.15433021715128736
        ],
        [
          -0.03541939776996075,
          -0.19949816725844838,
          0.9792578554818894,
          0.04411752790185471
        ],
        [
          0.05239287307982956,
          0.9781545139497407,
          0.20116842130772208,
          0.038687576820199264
        ],
        [
          0.0,
          0.0,
          0.0,
          1.0
        ]
      ]
    },
    {
      "file_path": "./images/0080.jpg",
      "sharpness": 173.74763586033123,
      "transform_matrix": [
        [
          -0.9722914318538793,
          -0.0335080281408402,
          0.23135812852381799,
          0.07298536679639671
        ],
        [
          0.23358477627218854,
          -0.17885921296869553,
          0.9557444921269208,
          0.30104528852426715
        ],
        [
          0.009355419444038438,
          0.9833039174265312,
          0.18173024553419143,
          -0.00014996089237410032
        ],
        [
          0.0,
          0.0,
          0.0,
          1.0
        ]
      ]
    },
    {
      "file_path": "./images/0094.jpg",
      "sharpness": 115.36867176104172,
      "transform_matrix": [
        [
          -0.014650467143337852,
          -0.03150493401316746,
          0.999396219217236,
          0.07586983073299344
        ],
        [
          0.9873854884394593,
          0.15713831237653159,
          0.019428021090216144,
          1.7941711824267417
        ],
        [
          -0.15765551380573634,
          0.9870739536410018,
          0.028805364976412434,
          0.19618775493723709
        ],
        [
          0.0,
          0.0,
          0.0,
          1.0
        ]
      ]
    },
    {
      "file_path": "./images/0082.jpg",
      "sharpness": 415.00301853783,
      "transform_matrix": [
        [
          -0.7992621777806698,
          -0.15368650494514152,
          0.5809995089562865,
          -0.22117302051357404
        ],
        [
          0.5981961634402518,
          -0.11045939322209503,
          0.7937002409570165,
          1.2718725692133832
        ],
        [
          -0.057804162785154,
          0.9819262603106682,
          0.18022069281374795,
          -0.10446427630402244
        ],
        [
          0.0,
          0.0,
          0.0,
          1.0
        ]
      ]
    },
    {
      "file_path": "./images/0093.jpg",
      "sharpness": 165.66590844047812,
      "transform_matrix": [
        [
          -0.03283072818098052,
          -0.034491826706596784,
          0.9988655851604591,
          0.7386915123025437
        ],
        [
          0.9886590035527917,
          0.14541622159301282,
          0.037516625547466265,
          2.5387517271258457
        ],
        [
          -0.1465452762203272,
          0.9887691522435323,
          0.029326534578234108,
          0.08980645307443783
        ],
        [
          0.0,
          0.0,
          0.0,
          1.0
        ]
      ]
    },
    {
      "file_path": "./images/0069.jpg",
      "sharpness": 137.32284326714316,
      "transform_matrix": [
        [
          -0.9938983512235293,
          0.10573777057757854,
          -0.031394129209626094,
          0.7270550808930619
        ],
        [
          -0.05407113424760277,
          -0.2189967408869734,
          0.9742262262549277,
          1.7512792702754705
        ],
        [
          0.09613729722251108,
          0.9699793561685742,
          0.22337786087883182,
          -0.3191482988433961
        ],
        [
          0.0,
          0.0,
          0.0,
          1.0
        ]
      ]
    },
    {
      "file_path": "./images/0098.jpg",
      "sharpness": 65.17933634259258,
      "transform_matrix": [
        [
          -0.44019742480826823,
          -0.19230173872306366,
          0.8770668552149565,
          -1.1982589639785974
        ],
        [
          0.8872031988463325,
          0.05718024853303055,
          0.4578219120306411,
          -0.4102579033247774
        ],
        [
          -0.13819085047028454,
          0.9796685462454882,
          0.14544011958467695,
          0.3819951318000814
        ],
        [
          0.0,
          0.0,
          0.0,
          1.0
        ]
      ]
    },
    {
      "file_path": "./images/0099.jpg",
      "sharpness": 186.5694205824277,
      "transform_matrix": [
        [
          -0.7928414294251185,
          -0.11067318927642562,
          0.5992945127422054,
          -0.5316716797376215
        ],
        [
          0.6041451935348056,
          -0.013533986991968157,
          0.7967593214551995,
          -0.9892823274564514
        ],
        [
          -0.08006905105135691,
          0.9937646987153141,
          0.07759298094705333,
          0.4575823323512292
        ],
        [
          0.0,
          0.0,
          0.0,
          1.0
        ]
      ]
    },
    {
      "file_path": "./images/0068.jpg",
      "sharpness": 122.90736542609274,
      "transform_matrix": [
        [
          -0.9962751360940166,
          0.07097381815747617,
          0.04897520165752906,
          1.0622463227013776
        ],
        [
          0.026568722605078574,
          -0.2876717711233832,
          0.9573604624584858,
          2.4535788462860615
        ],
        [
          0.08203631037563201,
          0.9550956335742254,
          0.28471454923950623,
          -0.6453501432620499
        ],
        [
          0.0,
          0.0,
          0.0,
          1.0
        ]
      ]
    },
    {
      "file_path": "./images/0095.jpg",
      "sharpness": 99.89304870695797,
      "transform_matrix": [
        [
          0.005932312922664844,
          -0.12421713101981469,
          0.9922373264824255,
          -0.5821058237806163
        ],
        [
          0.9855988769888941,
          0.1684163880883867,
          0.01519124426597713,
          1.1136537852714776
        ],
        [
          -0.16899603943198835,
          0.9778578754728707,
          0.12342736355135701,
          0.15797265726057116
        ],
        [
          0.0,
          0.0,
          0.0,
          1.0
        ]
      ]
    },
    {
      "file_path": "./images/0105.jpg",
      "sharpness": 28.28445266671981,
      "transform_matrix": [
        [
          -0.9863507821218658,
          -0.0038235209432162087,
          0.1646132295278163,
          0.9650932343220774
        ],
        [
          0.1635000286634018,
          0.09559420221629346,
          0.9819009568844266,
          -3.6917812355234285
        ],
        [
          -0.019490389223770836,
          0.9954130445353363,
          -0.09366427033854585,
          1.1070517862116545
        ],
        [
          0.0,
          0.0,
          0.0,
          1.0
        ]
      ]
    },
    {
      "file_path": "./images/0085.jpg",
      "sharpness": 303.7200322995981,
      "transform_matrix": [
        [
          -0.724529111139383,
          -0.23704543162872108,
          0.6471993746102715,
          1.4965823919896202
        ],
        [
          0.6868779189208312,
          -0.17058356829487056,
          0.7064700777298591,
          2.3745053024126306
        ],
        [
          -0.057063925789021856,
          0.9564050970233524,
          0.28641403387849296,
          -0.5590097184500665
        ],
        [
          0.0,
          0.0,
          0.0,
          1.0
        ]
      ]
    },
    {
      "file_path": "./images/0067.jpg",
      "sharpness": 424.0112657218511,
      "transform_matrix": [
        [
          -0.9962020629502306,
          0.056486968422674505,
          0.0662621476600212,
          1.1670366080433026
        ],
        [
          0.04472331024190922,
          -0.3209964635089937,
          0.946023834761356,
          3.0789223027422405
        ],
        [
          0.0747079335446396,
          0.945394358376445,
          0.31725105493399575,
          -0.7749363603832332
        ],
        [
          0.0,
          0.0,
          0.0,
          1.0
        ]
      ]
    },
    {
      "file_path": "./images/0066.jpg",
      "sharpness": 296.5945659459665,
      "transform_matrix": [
        [
          -0.9963517471332549,
          0.08525011927491555,
          0.003951352745646929,
          1.1234571982136976
        ],
        [
          -0.0246035203223199,
          -0.331269183798873,
          0.943215455054588,
          3.7567584655516857
        ],
        [
          0.08171819144429918,
          0.939677149379149,
          0.3321580830914752,
          -0.9282704072515394
        ],
        [
          0.0,
          0.0,
          0.0,
          1.0
        ]
      ]
    },
    {
      "file_path": "./images/0100.jpg",
      "sharpness": 199.19503853922197,
      "transform_matrix": [
        [
          -0.954395475592874,
          -0.027453457991141347,
          0.2972803119155018,
          0.057401825006718546
        ],
        [
          0.29830840877351955,
          -0.04803679551574303,
          0.9532599642974866,
          -1.1765599077421864
        ],
        [
          -0.0118898888301367,
          0.998468213796555,
          0.05403569767087331,
          0.4651935930335872
        ],
        [
          0.0,
          0.0,
          0.0,
          1.0
        ]
      ]
    },
    {
      "file_path": "./images/0084.jpg",
      "sharpness": 121.32969030616013,
      "transform_matrix": [
        [
          -0.7226601176762006,
          -0.22085238933737578,
          0.6549706684154565,
          0.9385994357594987
        ],
        [
          0.6877647278600347,
          -0.13535017311176134,
          0.7132040449626493,
          1.9246464257375926
        ],
        [
          -0.06886242406192425,
          0.9658698425789121,
          0.24970665547829834,
          -0.3928865881650284
        ],
        [
          0.0,
          0.0,
          0.0,
          1.0
        ]
      ]
    },
    {
      "file_path": "./images/0089.jpg",
      "sharpness": 217.37204330494808,
      "transform_matrix": [
        [
          -0.169849537623532,
          -0.3108001031581458,
          0.9351761494426363,
          2.0067049040220195
        ],
        [
          0.9755928856514451,
          0.0809886687272182,
          0.2041062395051539,
          3.4663619604874554
        ],
        [
          -0.1391749116622282,
          0.9470185486331769,
          0.28945848156475895,
          -0.5605547279329887
        ],
        [
          0.0,
          0.0,
          0.0,
          1.0
        ]
      ]
    },
    {
      "file_path": "./images/0107.jpg",
      "sharpness": 57.401309731062604,
      "transform_matrix": [
        [
          -0.9316858873921743,
          0.02046662362981621,
          0.3626879162473569,
          0.04258695202998427
        ],
        [
          0.3599748674577056,
          0.1860857337368363,
          0.914215617072519,
          -5.166363782957732
        ],
        [
          -0.04878014006125007,
          0.9823203230396481,
          -0.18074092209607795,
          1.575054938942238
        ],
        [
          0.0,
          0.0,
          0.0,
          1.0
        ]
      ]
    },
    {
      "file_path": "./images/0106.jpg",
      "sharpness": 37.61711345568625,
      "transform_matrix": [
        [
          -0.9683467420962419,
          0.012426733373539691,
          0.24929934498440823,
          0.7339274835943852
        ],
        [
          0.24733494351482915,
          0.18227614406411957,
          0.9516306179513607,
          -4.4450223265531354
        ],
        [
          -0.03361566336209027,
          0.9831688479822362,
          -0.17958007566337372,
          1.4385175750922636
        ],
        [
          0.0,
          0.0,
          0.0,
          1.0
        ]
      ]
    },
    {
      "file_path": "./images/0103.jpg",
      "sharpness": 17.781747683465113,
      "transform_matrix": [
        [
          -0.9997458563071607,
          0.01847987824935145,
          0.01291189130020152,
          0.8359519786687108
        ],
        [
          0.011133269762850735,
          -0.09330779411082464,
          0.9955750628975272,
          -2.0481100531257685
        ],
        [
          0.019602886045457256,
          0.995465795343538,
          0.09307833905372409,
          0.4688592485021755
        ],
        [
          0.0,
          0.0,
          0.0,
          1.0
        ]
      ]
    },
    {
      "file_path": "./images/0097.jpg",
      "sharpness": 155.68795909578355,
      "transform_matrix": [
        [
          -0.08248935521073943,
          -0.22617322808238713,
          0.970588057425037,
          -1.6012458167351113
        ],
        [
          0.983997504346095,
          0.1358588784946744,
          0.11528779890206149,
          0.2946946021145013
        ],
        [
          -0.1579380185982825,
          0.964566242449457,
          0.2113469806962892,
          0.22728055922666696
        ],
        [
          0.0,
          0.0,
          0.0,
          1.0
        ]
      ]
    },
    {
      "file_path": "./images/0090.jpg",
      "sharpness": 442.75009400111395,
      "transform_matrix": [
        [
          -0.1059132469341394,
          -0.2746966576388562,
          0.9556799309634512,
          1.9829686915080924
        ],
        [
          0.9846110939723877,
          0.10538354640877737,
          0.13941055115615592,
          3.3963504927794417
        ],
        [
          -0.13900855279881083,
          0.9557384864432059,
          0.25930786301476455,
          -0.5155570696513905
        ],
        [
          0.0,
          0.0,
          0.0,
          1.0
        ]
      ]
    },
    {
      "file_path": "./images/0108.jpg",
      "sharpness": 99.92798909924853,
      "transform_matrix": [
        [
          -0.8648184512849684,
          -0.01191451654240446,
          0.5019433141830136,
          -0.5781920514962788
        ],
        [
          0.4967635628272173,
          0.12485719298829198,
          0.858857755397918,
          -5.795751309710238
        ],
        [
          -0.07290410818239237,
          0.9921031829881665,
          -0.10206010658495439,
          1.5296743616829385
        ],
        [
          0.0,
          0.0,
          0.0,
          1.0
        ]
      ]
    },
    {
      "file_path": "./images/0083.jpg",
      "sharpness": 622.4048337537956,
      "transform_matrix": [
        [
          -0.7386476461994563,
          -0.19166985618292326,
          0.6462679947477038,
          0.13599479487396166
        ],
        [
          0.6700178226073461,
          -0.1035122563714329,
          0.7350927357621362,
          1.6670100329081385
        ],
        [
          -0.07399846058766409,
          0.9759855936706932,
          0.20488130422069906,
          -0.1944753271341473
        ],
        [
          0.0,
          0.0,
          0.0,
          1.0
        ]
      ]
    },
    {
      "file_path": "./images/0101.jpg",
      "sharpness": 145.7818822041558,
      "transform_matrix": [
        [
          -0.9958267123621122,
          0.029434053529085277,
          0.08638747293046453,
          0.42972519811468096
        ],
        [
          0.08425848851358114,
          -0.06718514119875979,
          0.9941763746520864,
          -1.2005371617877079
        ],
        [
          0.03506659519549867,
          0.9973062685734995,
          0.06442468941835672,
          0.44002481031165336
        ],
        [
          0.0,
          0.0,
          0.0,
          1.0
        ]
      ]
    },
    {
      "file_path": "./images/0109.jpg",
      "sharpness": 74.64198575722071,
      "transform_matrix": [
        [
          -0.7730657632951564,
          -0.05942542916092047,
          0.6315361779267403,
          -1.130116597771199
        ],
        [
          0.6264389173817723,
          0.08498869268530443,
          0.7748233378687377,
          -6.367245543332373
        ],
        [
          -0.099717643522214,
          0.9946082346962463,
          -0.02847544707370814,
          1.5829650125705759
        ],
        [
          0.0,
          0.0,
          0.0,
          1.0
        ]
      ]
    },
    {
      "file_path": "./images/0115.jpg",
      "sharpness": 37.73415645081577,
      "transform_matrix": [
        [
          -0.4931024657302284,
          -0.11603443921406513,
          0.8621983340551314,
          -6.5024522006908905
        ],
        [
          0.8606749234819955,
          0.0794304842450113,
          0.5029209423584587,
          -7.946950386983026
        ],
        [
          -0.12684098070481403,
          0.9900640419335305,
          0.06070056445648065,
          2.012234939559204
        ],
        [
          0.0,
          0.0,
          0.0,
          1.0
        ]
      ]
    },
    {
      "file_path": "./images/0116.jpg",
      "sharpness": 113.48261669357763,
      "transform_matrix": [
        [
          -0.8084125202810635,
          -0.06114997300733699,
          0.5854313605320599,
          -6.846400018497537
        ],
        [
          0.5839650749709993,
          0.04146630609548048,
          0.8107190244923128,
          -8.836151325633116
        ],
        [
          -0.07385112245795551,
          0.9972668781731144,
          0.0021875675543107623,
          2.181109370241741
        ],
        [
          0.0,
          0.0,
          0.0,
          1.0
        ]
      ]
    },
    {
      "file_path": "./images/0111.jpg",
      "sharpness": 108.99982292285088,
      "transform_matrix": [
        [
          -0.4720399901850592,
          -0.12826521944249533,
          0.8721962400674836,
          -3.053392660751119
        ],
        [
          0.8711979831303219,
          0.08349829333815398,
          0.4837789879688155,
          -6.683473595755796
        ],
        [
          -0.13487891555507817,
          0.9882186339731792,
          0.07232986691625869,
          1.672680857073765
        ],
        [
          0.0,
          0.0,
          0.0,
          1.0
        ]
      ]
    },
    {
      "file_path": "./images/0110.jpg",
      "sharpness": 109.6860858982016,
      "transform_matrix": [
        [
          -0.6424579503715313,
          -0.10354833721787089,
          0.7592927787778722,
          -2.0223848571543357
        ],
        [
          0.7570333454150698,
          0.06803485194568921,
          0.6498244169398776,
          -6.657469993351414
        ],
        [
          -0.11894660964528027,
          0.9922948154762864,
          0.034680012601354525,
          1.5788125806805833
        ],
        [
          0.0,
          0.0,
          0.0,
          1.0
        ]
      ]
    },
    {
      "file_path": "./images/0112.jpg",
      "sharpness": 59.1092615322767,
      "transform_matrix": [
        [
          -0.2724829146964664,
          -0.1439647542872223,
          0.951329181073479,
